0.25833
0.304165
0.304165
0.304165
0.304165
0.304165
0.221384
0.198678
0.204294
0.223043
0.249908
0.283066
0.274601
0.303247
0.29866
0.240793
0.222819
0.211136
0.205497
0.204817
0.208337
0.213686
0.214168
0.217923
0.216902
0.216567
0.216409
0.216437
0.216668
0.217137
0.217885
0.237756
0.244436
0.245537
0.245537
0.245537
0.245537
0.245537
0.245537
0.245537
0.198519
0.197826
0.194064
0.194864
0.193405
0.19496
0.196182
0.198524
0.218105
0.230369
0.225661
0.232023
0.237958
0.23792
0.23482
0.233397
0.239605
0.26477
0.285571
0.311358
0.281269
0.28614
0.293508
0.296564
0.29426
0.297114
0.299817
0.298149
0.294401
0.289197
0.282008
0.277315
0.274505
0.272627
0.270846
0.258823
0.255566
0.251691
0.234209
0.21805
0.221542
0.217795
0.21757
0.223904
0.221042
0.230746
0.228297
0.235486
0.235034
0.240791
0.237959
0.243168
0.241006
0.245219
0.242314
0.234256
0.24997
0.256971
0.292467
0.328547
0.338157
0.344868
0.353856
0.348612
0.342903
0.341969
0.34245
0.342973
0.343542
0.34416
0.34483
0.347479
0.344487
0.332353
0.317899
0.29492
0.263394
0.213815
0.158302
0.123248
0.152201
0.142531
0.141467
0.141467
0.141467
0.141467
0.141467
0.141467
0.141467
0.141467
0.157787
0.168226
0.176545
0.183106
0.18923
0.196711
0.208884
0.2328
0.273294
0.102317
0.0956158
0.0956158
0.0956158
0.0956158
0.0956158
0.0956158
0.0956158
0.0893265
0.0770138
0.0778919
0.0880816
0.105284
0.130177
0.11588
0.132179
0.169218
0.137377
0.178332
0.183796
0.184399
0.184399
0.184399
0.184399
0.184399
0.184399
0.184399
0.0921677
0.0543079
0.0461576
0.046428
0.0706546
0.0817288
0.0706546
0.0817288
0.0666629
0.0438513
0.0448914
0.0427639
0.0447425
0.0509534
0.0510448
0.0509534
0.0510448
0.0509534
0.087123
0.106622
0.0675572
0.087123
0.106622
0.0675572
0.087123
0.106622
0.0675572
0.0697666
0.0697666
0.0697666
0.0697666
0.0697666
0.0697666
0.0697666
0.0697666
0.0697666
0.142513
0.112582
0.142513
0.112582
0.142513
0.112582
0.142513
0.112582
0.142513
0.0384402
0.105757
0.105757
0.105757
0.105757
0.105757
0.105757
0.105757
0.105757
0.0178044
0.00735447
0.00363688
0.00246016
0.00213546
0.00231611
0.00211748
0.00256786
0.00203762
0.00341276
0.00341276
0.00341276
0.00341276
0.00341276
0.00341276
0.00341276
0.00341276
0.00405197
0.0017811
0.00111396
0.000742511
0.000608441
0.000908862
0.000908862
0.000908862
0.000908862
0.000908862
0.000641808
0.0014322
0.0014322
0.0014322
0.0014322
0.0014322
0.0014322
0.0014322
0.00146405
0.00056826
0.000907224
0.000907224
0.000907224
0.000907224
0.000907224
0.000907224
0.000907224
0.000907224
0.000388007
0.00386966
0.00386966
0.00386966
0.00386966
0.00386966
0.00386966
0.000332711
0.000461104
0.000461104
0.000461104
0.000461104
0.000461104
0.000461104
0.000461104
0.000461104
0.00525752
0.00525752
0.00525752
0.00525752
0.00525752
0.00525752
0.00525752
0.00525752
0.00525752
0.000247302
0.000189922
0.000202224
0.001604
0.000167461
0.000802634
0.000802634
0.000802634
0.000409193
0.00020425
0.000211325
0.00020425
0.000211325
0.00020425
0.000211325
0.00020425
0.000211325
0.000103688
0.000104191
0.000264539
0.000264539
0.000264539
0.000264539
0.000264539
0.000264539
0.000264539
0.000357755
0.000357755
0.000357755
0.000357755
0.000357755
0.000357755
0.000357755
0.000357755
0.000357755
4.72264e-05
5.67817e-05
0.000185181
0.000185181
0.000185181
0.000185181
0.000185181
0.000185181
0.000189169
3.58559e-05
0.0125634
0.0125634
0.0125634
0.0125634
0.0125634
0.0125634
0.0125634
0.0128433
0.0128433
0.0128433
0.0128433
0.0128433
0.0128433
0.0128433
0.0128433
0.0128433
0.00525477
6.54498e-05
6.54498e-05
6.54498e-05
6.54498e-05
6.54498e-05
6.54498e-05
6.54498e-05
6.54498e-05
4.88393e-05
4.14765e-05
4.14765e-05
4.14765e-05
4.14765e-05
4.14765e-05
4.14765e-05
4.14765e-05
4.14765e-05
3.91397e-05
3.91397e-05
3.91397e-05
3.91397e-05
3.91397e-05
3.91397e-05
3.91397e-05
3.91397e-05
3.91397e-05
2.97034e-05
3.5448e-05
5.68527e-05
5.68527e-05
5.68527e-05
5.68527e-05
5.68527e-05
5.68527e-05
5.68527e-05
0.000907342
0.000907342
0.000907342
0.000907342
0.000907342
0.000907342
0.000907342
0.000907342
0.000907342
3.28336e-05
2.15787e-05
1.34851e-05
1.38874e-05
9.93875e-06
1.33365e-05
1.39778e-05
1.39778e-05
1.39778e-05
4.53242e-06
1.98415e-06
1.45253e-06
1.20533e-06
1.07707e-06
1.06002e-06
1.14971e-06
1.24792e-06
1.37122e-06
1.14032e-06
1.24818e-06
7.26026e-07
1.73194e-06
1.73194e-06
1.73194e-06
1.73194e-06
1.73194e-06
1.73194e-06
2.44632e-07
2.17311e-07
1.38282e-07
1.24851e-07
8.23945e-08
9.95083e-07
8.29319e-07
5.77395e-08
8.24257e-07
8.23283e-06
8.23283e-06
8.23283e-06
8.23283e-06
8.23283e-06
8.23283e-06
8.23283e-06
8.23283e-06
8.23283e-06
6.13599e-08
2.82156e-08
2.6967e-08
2.6967e-08
2.6967e-08
2.6967e-08
2.6967e-08
2.6967e-08
2.6967e-08
0.000597537
0.000597537
0.000597537
0.000597537
0.000597537
0.000597537
0.000597537
0.000597537
0.000597537
1.2824e-08
1.65248e-08
1.65248e-08
1.65248e-08
1.65248e-08
1.65248e-08
1.65248e-08
1.65248e-08
1.67962e-08
2.75981e-08
2.75981e-08
2.75981e-08
2.75981e-08
2.75981e-08
2.75981e-08
2.75981e-08
2.75981e-08
1.64828e-07
1.92123e-07
1.92123e-07
1.92123e-07
1.92123e-07
1.92123e-07
1.92123e-07
1.92123e-07
1.92123e-07
1.37719e-08
1.37719e-08
1.37719e-08
1.37719e-08
1.37719e-08
1.37719e-08
1.37719e-08
1.37719e-08
1.37719e-08
2.46325e-08
2.46325e-08
2.46325e-08
2.46325e-08
2.46325e-08
2.46325e-08
